8 10 1
11
  305.3  203.5     0.0   203.5     0.0    965.4   631.0      3     14.14
  295.7    0.0    95.6   171.5     8.9    955.1   859.2      3     22.95
  297.2    0.0   117.5   174.8     9.5   1022.8   753.5     56     51.96
  500.0    0.0     0.0   200.0     0.0   1125.0   613.0      1     12.64
  102.0  153.0     0.0   192.0     0.0    887.0   942.0      3      4.57
  213.7    0.0   174.7   154.8    10.2   1053.5   776.4    100     50.08
  214.9   53.8   121.9   155.6     9.6   1014.3   780.6     28     52.20
  362.6  189.0     0.0   164.9    11.6    944.7   755.8     56     77.30
  375.0    0.0     0.0   186.0     0.0   1038.0   758.0      7     26.06
  284.0  120.0     0.0   168.0     7.0    970.0   794.0     28     40.93
  249.1    0.0    98.8   158.1    12.8    987.8   889.0     14     28.68